0.1 7.28
0.2 7.455
0.3 7.645
0.4 7.855
0.5 8.07
0.6 8.29
0.7 8.51
0.8 8.72
0.9 8.915
1.0 9.085
1.1 9.245
1.2 9.385
1.3 9.515
1.4 9.635
1.5 9.745
1.6 9.85
1.7 9.945
1.8 10.03
1.9 10.115
2.0 10.195
2.1 10.27
2.2 10.34
2.3 10.405
2.4 10.47
2.5 10.53
2.6 10.59
2.7 10.645
2.8 10.7
2.9 10.755
3.0 10.81
3.1 10.86
3.2 10.915
3.3 10.965
3.4 11.015
3.5 11.065
3.6 11.115
3.7 11.17
3.8 11.22
3.9 11.275
4.0 11.325
4.1 11.385
4.2 11.44
4.3 11.5
4.4 11.565
4.5 11.63
4.6 11.695
4.7 11.77
4.8 11.845
4.9 11.925
5.0 12.01
5.1 12.1
5.2 12.19
5.3 12.285
5.4 12.38
5.5 12.475
5.6 12.57
5.7 12.66
5.8 12.745
5.9 12.83
6.0 12.905
