0.1 7.2749999999999515
0.2 7.449999999999948
0.30000000000000004 7.639999999999944
0.4 7.844999999999939
0.5 8.059999999999935
0.6 8.27999999999993
0.7000000000000001 8.499999999999925
0.8 8.70499999999992
0.9 8.904999999999916
1.0 8.989999999999915
1.1 9.084999999999912
1.2000000000000002 9.179999999999911
1.3000000000000003 9.279999999999909
1.4000000000000001 9.384999999999906
1.5000000000000002 9.484999999999904
1.6 9.579999999999902
1.7000000000000002 9.674999999999901
1.8000000000000003 9.764999999999898
1.9000000000000001 9.849999999999897
2.0 9.929999999999895
2.1 9.994999999999894
2.2 10.059999999999892
2.3000000000000003 10.109999999999891
2.4000000000000004 10.15999999999989
2.5000000000000004 10.19999999999989
2.6 10.239999999999888
2.7 10.269999999999888
2.8000000000000003 10.299999999999887
2.9000000000000004 10.329999999999886
3.0000000000000004 10.349999999999886
3.1 10.369999999999886
3.2 10.389999999999885
3.3000000000000003 10.409999999999885
3.4000000000000004 10.424999999999883
3.5000000000000004 10.439999999999884
3.6 10.449999999999884
3.7 10.459999999999884
3.8000000000000003 10.469999999999883
3.9000000000000004 10.479999999999883
4.0 10.489999999999883
4.1 10.499999999999883
4.2 10.504999999999882
4.3 10.509999999999883
4.3999999999999995 10.519999999999882
4.5 10.524999999999881
4.6 10.529999999999882
4.7 10.529999999999882
4.8 10.534999999999883
4.9 10.539999999999882
5.0 10.539999999999882
5.1 10.544999999999881
5.2 10.544999999999881
5.3 10.544999999999881
5.4 10.549999999999882
5.5 10.549999999999882
5.6 10.549999999999882
5.7 10.549999999999882
5.8 10.549999999999882
5.9 10.549999999999882
6.0 10.549999999999882
