0.000000000000000000e+00 0.000000000000000000e+00
1.000000000000000021e-02 9.769041726540210815e-04
2.000000000000000042e-02 4.037594170258557505e-03
2.999999999999999889e-02 9.377036212277319038e-03
4.000000000000000083e-02 1.719019651817401545e-02
5.000000000000000278e-02 2.767204130741236084e-02
5.999999999999999778e-02 4.096722130117468746e-02
7.000000000000000666e-02 5.701912522751797358e-02
8.000000000000000167e-02 7.572082631621773752e-02
8.999999999999999667e-02 9.696539779704957396e-02
1.000000000000000056e-01 1.206459128997890845e-01
1.100000000000000006e-01 1.466554448542118083e-01
1.199999999999999956e-01 1.748870668900933401e-01
1.300000000000000044e-01 2.052338522372093021e-01
1.400000000000000133e-01 2.375888741253352476e-01
1.499999999999999944e-01 2.718452057842465908e-01
1.600000000000000033e-01 3.078959204437191621e-01
1.700000000000000122e-01 3.456340913335283482e-01
1.799999999999999933e-01 3.849527916834498686e-01
1.900000000000000022e-01 4.257084397916219287e-01
2.000000000000000111e-01 4.676108342296338982e-01
2.099999999999999922e-01 5.103331186374375772e-01
2.200000000000000011e-01 5.535484366549853208e-01
2.300000000000000100e-01 5.969299319222293176e-01
2.399999999999999911e-01 6.401507480791210902e-01
2.500000000000000000e-01 6.828840287656132713e-01
2.600000000000000089e-01 7.248029176216573832e-01
2.700000000000000178e-01 7.655805582872057258e-01
2.800000000000000266e-01 8.048900944022103765e-01
2.899999999999999800e-01 8.424046696066229689e-01
2.999999999999999889e-01 8.777974275403961357e-01
3.099999999999999978e-01 9.107415118434818435e-01
3.200000000000000067e-01 9.409858868972867940e-01
3.300000000000000155e-01 9.685828000490394052e-01
3.400000000000000244e-01 9.936603193874224971e-01
3.500000000000000333e-01 1.016346513001119112e+00
3.599999999999999867e-01 1.036769448978812624e+00
3.699999999999999956e-01 1.055057195409185633e+00
3.800000000000000044e-01 1.071337820380921402e+00
3.900000000000000133e-01 1.085739391982702973e+00
4.000000000000000222e-01 1.098389978303213832e+00
4.100000000000000311e-01 1.109417647431136356e+00
4.199999999999999845e-01 1.118950467455153808e+00
4.299999999999999933e-01 1.127116506463949008e+00
4.400000000000000022e-01 1.134043832546205888e+00
4.500000000000000111e-01 1.139853046942800763e+00
4.600000000000000200e-01 1.144634883503386602e+00
4.700000000000000289e-01 1.148472609229809649e+00
4.799999999999999822e-01 1.151449491123917257e+00
4.899999999999999911e-01 1.153648796187555670e+00
5.000000000000000000e-01 1.155153791422572018e+00
5.100000000000000089e-01 1.156047743830812546e+00
5.200000000000000178e-01 1.156413920414124386e+00
5.300000000000000266e-01 1.156335588174353335e+00
5.400000000000000355e-01 1.155896014113347636e+00
5.500000000000000444e-01 1.155178465232952645e+00
5.600000000000000533e-01 1.154266208535015714e+00
5.700000000000000622e-01 1.153242511021383310e+00
5.799999999999999600e-01 1.152177030975795491e+00
5.899999999999999689e-01 1.151084991809564029e+00
5.999999999999999778e-01 1.149968008215895621e+00
6.099999999999999867e-01 1.148827694887994966e+00
6.199999999999999956e-01 1.147665666519067873e+00
6.300000000000000044e-01 1.146483537802320152e+00
6.400000000000000133e-01 1.145282923430956945e+00
6.500000000000000222e-01 1.144065438098184062e+00
6.600000000000000311e-01 1.142832696497206868e+00
6.700000000000000400e-01 1.141586313321231394e+00
6.800000000000000488e-01 1.140327903263463005e+00
6.900000000000000577e-01 1.139059081017107289e+00
7.000000000000000666e-01 1.137781461275369610e+00
7.099999999999999645e-01 1.136472308153444466e+00
7.199999999999999734e-01 1.135011483454480219e+00
7.299999999999999822e-01 1.133254498403614807e+00
7.399999999999999911e-01 1.131056864225985503e+00
7.500000000000000000e-01 1.128274092146729801e+00
7.600000000000000089e-01 1.124761693390984751e+00
7.700000000000000178e-01 1.120375179183888070e+00
7.800000000000000266e-01 1.114970060750577474e+00
7.900000000000000355e-01 1.108401849316190013e+00
8.000000000000000444e-01 1.100526056105863626e+00
8.100000000000000533e-01 1.091198192344734696e+00
8.200000000000000622e-01 1.080273769257941829e+00
8.300000000000000711e-01 1.067608298070621853e+00
8.399999999999999689e-01 1.053093399012400955e+00
8.499999999999999778e-01 1.036765128330857433e+00
8.599999999999999867e-01 1.018695651278058945e+00
8.699999999999999956e-01 9.989571331060723702e-01
8.800000000000000044e-01 9.776217390669655893e-01
8.900000000000000133e-01 9.547616344128052601e-01
9.000000000000000222e-01 9.304489843956584849e-01
9.100000000000000311e-01 9.047559542675929212e-01
9.200000000000000400e-01 8.777547092806757822e-01
9.300000000000000488e-01 8.495174146869743925e-01
9.400000000000000577e-01 8.201162357385552992e-01
9.500000000000000666e-01 7.896233376874867149e-01
9.599999999999999645e-01 7.581108857858356309e-01
9.699999999999999734e-01 7.256786495671641024e-01
9.799999999999999822e-01 6.925368156910193251e-01
9.899999999999999911e-01 6.589231750984420044e-01
1.000000000000000000e+00 6.250755187304747329e-01
1.010000000000000009e+00 5.912316375281587710e-01
1.020000000000000018e+00 5.576293224325360454e-01
1.030000000000000027e+00 5.245063643846480383e-01
1.040000000000000036e+00 4.921005543255369541e-01
1.050000000000000044e+00 4.606496831962443306e-01
1.060000000000000053e+00 4.303915419378118168e-01
1.070000000000000062e+00 4.015639214912811727e-01
1.080000000000000071e+00 3.744046127976943250e-01
1.090000000000000080e+00 3.491514067980927560e-01
1.100000000000000089e+00 3.259755391333867269e-01
1.110000000000000098e+00 3.047820242439589489e-01
1.120000000000000107e+00 2.854093212700608562e-01
1.130000000000000115e+00 2.676958893519436056e-01
1.140000000000000124e+00 2.514801876298582983e-01
1.150000000000000133e+00 2.366006752440562577e-01
1.159999999999999920e+00 2.228958113347889458e-01
1.169999999999999929e+00 2.102040550423070198e-01
1.179999999999999938e+00 1.983638655068619694e-01
1.189999999999999947e+00 1.872137018687050347e-01
1.199999999999999956e+00 1.765920232680874835e-01
1.209999999999999964e+00 1.663372888452604725e-01
1.219999999999999973e+00 1.562879577404752418e-01
1.229999999999999982e+00 1.463170781965200673e-01
1.239999999999999991e+00 1.364360548663317296e-01
1.250000000000000000e+00 1.266908815053840454e-01
1.260000000000000009e+00 1.171275518691508311e-01
1.270000000000000018e+00 1.077920597131059449e-01
1.280000000000000027e+00 9.873039879272323127e-02
1.290000000000000036e+00 8.998856286347645117e-02
1.300000000000000044e+00 8.161254568083950445e-02
1.310000000000000053e+00 7.364834100028620767e-02
1.320000000000000062e+00 6.614194257729039128e-02
1.330000000000000071e+00 5.913934416732588573e-02
1.340000000000000080e+00 5.268653952586652145e-02
1.350000000000000089e+00 4.682952240838614277e-02
1.360000000000000098e+00 4.159891830745666291e-02
1.370000000000000107e+00 3.696387966404240943e-02
1.380000000000000115e+00 3.287819065620581349e-02
1.390000000000000124e+00 2.929563546200929583e-02
1.400000000000000133e+00 2.616999825951527719e-02
1.409999999999999920e+00 2.345506322678623384e-02
1.419999999999999929e+00 2.110461454188446856e-02
1.429999999999999938e+00 1.907243638287247495e-02
1.439999999999999947e+00 1.731231292781266334e-02
1.449999999999999956e+00 1.577802835476747184e-02
1.459999999999999964e+00 1.442336684179931078e-02
1.469999999999999973e+00 1.320211256697060437e-02
1.479999999999999982e+00 1.206804970834378030e-02
1.489999999999999991e+00 1.098319864518583835e-02
1.500000000000000000e+00 9.942524561582141360e-03
1.510000000000000009e+00 8.949228842822624236e-03
1.520000000000000018e+00 8.006512874197228846e-03
1.530000000000000027e+00 7.117578040995897921e-03
1.540000000000000036e+00 6.285625728508569855e-03
1.550000000000000044e+00 5.513857322025186511e-03
1.560000000000000053e+00 4.805474206835688884e-03
1.570000000000000062e+00 4.163677768230016236e-03
1.580000000000000071e+00 3.591669391498109130e-03
1.590000000000000080e+00 3.092650461929909427e-03
1.600000000000000089e+00 2.669822364815357691e-03
1.610000000000000098e+00 2.326386485444394484e-03
1.620000000000000107e+00 2.063601237998125525e-03
1.630000000000000115e+00 1.874953152222320419e-03
1.640000000000000124e+00 1.751985786753912410e-03
1.650000000000000133e+00 1.686242700229836260e-03
1.660000000000000142e+00 1.669267451287026515e-03
1.669999999999999929e+00 1.692603598562415334e-03
1.679999999999999938e+00 1.747794700692939865e-03
1.689999999999999947e+00 1.826384316315532918e-03
1.699999999999999956e+00 1.919916004067129690e-03
1.709999999999999964e+00 2.019933322584663640e-03
1.719999999999999973e+00 2.117979830505069098e-03
1.729999999999999982e+00 2.205599086465281043e-03
1.739999999999999991e+00 2.274334649102232285e-03
1.750000000000000000e+00 2.317498170258162904e-03
1.760000000000000009e+00 2.335473674596528181e-03
1.770000000000000018e+00 2.330413279986087629e-03
1.780000000000000027e+00 2.304469104295601631e-03
1.790000000000000036e+00 2.259793265393830568e-03
1.800000000000000044e+00 2.198537881149534388e-03
1.810000000000000053e+00 2.122855069431472605e-03
1.820000000000000062e+00 2.034896948108405601e-03
1.830000000000000071e+00 1.936815635049093541e-03
1.840000000000000080e+00 1.830763248122296589e-03
1.850000000000000089e+00 1.718891905196774476e-03
1.860000000000000098e+00 1.603353724141286935e-03
1.870000000000000107e+00 1.486300822824595212e-03
1.880000000000000115e+00 1.369659454557693419e-03
1.890000000000000124e+00 1.254452414420517085e-03
1.900000000000000133e+00 1.141476632935236549e-03
1.910000000000000142e+00 1.031529040624022588e-03
1.919999999999999929e+00 9.254065680090478195e-04
1.929999999999999938e+00 8.239061456124778136e-04
1.939999999999999947e+00 7.278247039564855140e-04
1.949999999999999956e+00 6.379591735632413703e-04
1.959999999999999964e+00 5.551064849549158320e-04
1.969999999999999973e+00 4.800635686536790779e-04
1.979999999999999982e+00 4.136273551817019369e-04
1.989999999999999991e+00 3.565947750611545334e-04
2.000000000000000000e+00 3.097627588142075339e-04
2.010000000000000231e+00 2.735952153348931580e-04
2.020000000000000018e+00 2.472239670046967770e-04
2.030000000000000249e+00 2.294478145769621982e-04
2.040000000000000036e+00 2.190655588050369152e-04
2.049999999999999822e+00 2.148760004422661178e-04
2.060000000000000053e+00 2.156779402419960255e-04
2.069999999999999840e+00 2.202701789575725328e-04
2.080000000000000071e+00 2.274515173423420492e-04
2.089999999999999858e+00 2.360207561496500354e-04
2.100000000000000089e+00 2.447766961328431447e-04
2.109999999999999876e+00 2.525181380452665939e-04
2.120000000000000107e+00 2.580438826402671991e-04
2.129999999999999893e+00 2.601527306711903667e-04
2.140000000000000124e+00 2.579387144570620166e-04
2.149999999999999911e+00 2.516767925796268147e-04
2.160000000000000142e+00 2.419371551863083681e-04
2.169999999999999929e+00 2.292899924245316392e-04
2.180000000000000160e+00 2.143054944417196659e-04
2.189999999999999947e+00 1.975538513852980068e-04
2.200000000000000178e+00 1.796052534026892661e-04
2.209999999999999964e+00 1.610298906413191111e-04
2.220000000000000195e+00 1.423979532486101458e-04
2.229999999999999982e+00 1.242796313719881458e-04
2.240000000000000213e+00 1.072451151588756340e-04
2.250000000000000000e+00 9.186459475669830465e-05
2.260000000000000231e+00 7.870826031287889743e-05
2.270000000000000018e+00 6.820300063608463392e-05
2.280000000000000249e+00 6.020249917994830303e-05
2.290000000000000036e+00 5.441713805934622681e-05
2.300000000000000266e+00 5.055729938915347370e-05
2.310000000000000053e+00 4.833336528424604726e-05
2.319999999999999840e+00 4.745571785949937506e-05
2.330000000000000071e+00 4.763473922978911509e-05
2.339999999999999858e+00 4.858081150999088465e-05
2.350000000000000089e+00 5.000431681498038238e-05
2.359999999999999876e+00 5.161563725963310361e-05
2.370000000000000107e+00 5.312515495882480797e-05
2.379999999999999893e+00 5.424325202743100435e-05
2.390000000000000124e+00 5.468031058032736427e-05
2.399999999999999911e+00 5.421364884915704511e-05
2.410000000000000142e+00 5.288832953263336443e-05
2.419999999999999929e+00 5.081635144623730183e-05
2.430000000000000160e+00 4.810971340544950488e-05
2.439999999999999947e+00 4.488041422575114292e-05
2.450000000000000178e+00 4.124045272262274152e-05
2.459999999999999964e+00 3.730182771154553101e-05
2.470000000000000195e+00 3.317653800800003021e-05
2.479999999999999982e+00 2.897658242746746943e-05
2.490000000000000213e+00 2.481395978542834377e-05
2.500000000000000000e+00 2.080066889736390388e-05
2.510000000000000231e+00 1.704870857875465841e-05
2.520000000000000018e+00 1.367007764508180380e-05
2.530000000000000249e+00 1.076525194315492818e-05
2.540000000000000036e+00 8.388615445100201931e-06
2.550000000000000266e+00 6.583029154372340432e-06
2.560000000000000053e+00 5.391354074426424987e-06
2.569999999999999840e+00 4.856451208717284482e-06
2.580000000000000071e+00 5.021181560699866387e-06
2.589999999999999858e+00 5.928406133829076669e-06
2.600000000000000089e+00 7.620985931559921245e-06
2.609999999999999876e+00 1.014178195734717733e-05
2.620000000000000107e+00 1.353365521464598637e-05
2.629999999999999893e+00 1.783946670691097819e-05
2.640000000000000124e+00 2.310207743759746534e-05
2.649999999999999911e+00 2.936434841015988622e-05
2.660000000000000142e+00 3.662190015650363068e-05
2.669999999999999929e+00 4.468139132233253088e-05
2.680000000000000160e+00 5.330224008180161949e-05
2.689999999999999947e+00 6.224386460906449934e-05
2.700000000000000178e+00 7.126568307827633184e-05
2.709999999999999964e+00 8.012711366359066562e-05
2.720000000000000195e+00 8.858757453916264854e-05
2.729999999999999982e+00 9.640648387914586988e-05
2.740000000000000213e+00 1.033432598576954097e-04
2.750000000000000000e+00 1.091573206489649794e-04
2.760000000000000231e+00 1.136080844271094556e-04
2.770000000000000018e+00 1.164549693662828207e-04
2.780000000000000249e+00 1.174573936406396398e-04
2.790000000000000036e+00 1.165063104588862590e-04
2.800000000000000266e+00 1.140188131679372336e-04
2.810000000000000053e+00 1.105435301492594551e-04
2.819999999999999840e+00 1.066290897843193548e-04
2.830000000000000071e+00 1.028241204545834856e-04
2.839999999999999858e+00 9.967725054151871226e-05
2.850000000000000089e+00 9.773710842659153353e-05
2.859999999999999876e+00 9.755232249126871930e-05
2.870000000000000107e+00 9.967152111701686322e-05
2.879999999999999893e+00 1.046433326853024641e-04
2.890000000000000124e+00 1.130163855775926035e-04
2.899999999999999911e+00 1.253393081753531840e-04
2.910000000000000142e+00 1.421607288600519917e-04
2.919999999999999929e+00 1.637704490147744033e-04
2.930000000000000160e+00 1.894229620290905215e-04
2.939999999999999947e+00 2.181139342941864809e-04
2.950000000000000178e+00 2.488390322012533221e-04
2.959999999999999964e+00 2.805939221414766103e-04
2.970000000000000195e+00 3.123742705060478199e-04
2.979999999999999982e+00 3.431757436861522991e-04
2.990000000000000213e+00 3.719940080729814682e-04
3.000000000000000000e+00 3.978247300577210008e-04
3.010000000000000231e+00 4.196635760315616122e-04
3.020000000000000018e+00 4.365062123856900062e-04
3.030000000000000249e+00 4.473483055112959222e-04
3.040000000000000036e+00 4.511855217995668771e-04
3.050000000000000266e+00 4.475023458294125371e-04
3.060000000000000053e+00 4.377385349306262322e-04
3.070000000000000284e+00 4.238226646207209482e-04
3.080000000000000071e+00 4.076833104172116764e-04
3.089999999999999858e+00 3.912490478376115109e-04
3.100000000000000089e+00 3.764484523994337628e-04
3.109999999999999876e+00 3.652100996201935318e-04
3.120000000000000107e+00 3.594625650174033699e-04
3.129999999999999893e+00 3.611344241085780518e-04
3.140000000000000124e+00 3.721542524112313221e-04
3.149999999999999911e+00 3.944506254428760579e-04
3.160000000000000142e+00 4.299521187210281724e-04
3.169999999999999929e+00 4.805873077631981575e-04
3.180000000000000160e+00 5.474097798160567838e-04
3.189999999999999947e+00 6.279731690428721341e-04
3.200000000000000178e+00 7.189561213360783163e-04
3.209999999999999964e+00 8.170372825880931750e-04
3.220000000000000195e+00 9.188952986913525526e-04
3.229999999999999982e+00 1.021208815538273860e-03
3.240000000000000213e+00 1.120656479021292506e-03
3.250000000000000000e+00 1.213916935032826119e-03
3.260000000000000231e+00 1.297668829465309891e-03
3.270000000000000018e+00 1.368590808211162533e-03
3.280000000000000249e+00 1.423361517162817069e-03
3.290000000000000036e+00 1.458659602212695246e-03
3.300000000000000266e+00 1.471163709253226403e-03
3.310000000000000053e+00 1.458662888640623869e-03
3.320000000000000284e+00 1.423387808586250823e-03
3.330000000000000071e+00 1.368679541765261591e-03
3.339999999999999858e+00 1.297879160852806382e-03
3.350000000000000089e+00 1.214327738524031931e-03
3.359999999999999876e+00 1.121366347454098638e-03
3.370000000000000107e+00 1.022336060318148688e-03
3.379999999999999893e+00 9.205779497913422604e-04
3.390000000000000124e+00 8.194330885488221913e-04
3.399999999999999911e+00 7.222425492657490956e-04
3.410000000000000142e+00 6.323474046172654827e-04
3.419999999999999929e+00 5.530887272785311006e-04
3.430000000000000160e+00 4.878075899246901931e-04
3.439999999999999947e+00 4.389569312483335498e-04
3.450000000000000178e+00 4.054371540117752580e-04
3.459999999999999964e+00 3.852605269947704755e-04
3.470000000000000195e+00 3.764393189770693184e-04
3.479999999999999982e+00 3.769857987384246678e-04
3.490000000000000213e+00 3.849122350585884827e-04
3.500000000000000000e+00 3.982308967173122890e-04
3.510000000000000231e+00 4.149540524943491843e-04
3.520000000000000018e+00 4.330939711694498811e-04
3.530000000000000249e+00 4.506629215223678566e-04
3.540000000000000036e+00 4.656731723328537691e-04
3.550000000000000266e+00 4.761369923806607705e-04
3.560000000000000053e+00 4.800666504455402780e-04
3.570000000000000284e+00 4.762679447421231814e-04
3.580000000000000071e+00 4.667207912245562008e-04
3.589999999999999858e+00 4.541986352818640649e-04
3.600000000000000089e+00 4.414749223030711776e-04
3.609999999999999876e+00 4.313230976772034603e-04
3.620000000000000107e+00 4.265166067932853167e-04
3.629999999999999893e+00 4.298288950403419636e-04
3.640000000000000124e+00 4.440334078073988888e-04
3.649999999999999911e+00 4.719035904834795745e-04
3.660000000000000142e+00 5.162128884576117852e-04
3.669999999999999929e+00 5.797347471188165095e-04
3.680000000000000160e+00 6.652426118561244935e-04
3.689999999999999947e+00 7.755099280585529310e-04
3.700000000000000178e+00 9.118853717069944770e-04
3.709999999999999964e+00 1.070018541149752884e-03
3.720000000000000195e+00 1.244134265327013870e-03
3.729999999999999982e+00 1.428457373178935617e-03
3.740000000000000213e+00 1.617212693645707312e-03
3.750000000000000000e+00 1.804625055667485184e-03
3.760000000000000231e+00 1.984919288184459289e-03
3.770000000000000018e+00 2.152320220136785204e-03
3.780000000000000249e+00 2.301052680464652552e-03
3.790000000000000036e+00 2.425341498108219730e-03
3.800000000000000266e+00 2.519411502007671156e-03
3.810000000000000053e+00 2.577487521103171298e-03
3.820000000000000284e+00 2.593794384334898503e-03
3.830000000000000071e+00 2.564418848181408087e-03
3.839999999999999858e+00 2.492895379274796212e-03
3.850000000000000089e+00 2.384620371785534706e-03
3.859999999999999876e+00 2.244990219884111012e-03
3.870000000000000107e+00 2.079401317740990456e-03
3.879999999999999893e+00 1.893250059526665899e-03
3.890000000000000124e+00 1.691932839411598548e-03
3.899999999999999911e+00 1.480846051566284734e-03
3.910000000000000142e+00 1.265386090161182845e-03
3.919999999999999929e+00 1.050949349366790513e-03
3.930000000000000160e+00 8.429322233535665575e-04
3.939999999999999947e+00 6.467311062920073125e-04
3.950000000000000178e+00 4.677423923525733857e-04
3.959999999999999964e+00 3.112036063821250901e-04
3.970000000000000195e+00 1.817167959329604157e-04
3.979999999999999982e+00 8.372513923376914257e-05
3.990000000000000213e+00 2.167181451322107072e-05
4.000000000000000000e+00 0.000000000000000000e+00
